2 2
4 2
8 2
16 2
32 2
64 2
128 2
256 2
512 2
1024 2
747 2
193 2
386 2
772 2
243 2
486 2
972 2
643 2
1286 2
1271 2
1241 2
1181 2
1061 2
821 2
341 2
682 2
63 2
126 2
252 2
504 2
1008 2
715 2
129 2
258 2
516 2
1032 2
763 2
225 2
450 2
900 2
499 2
998 2
695 2
89 2
178 2
356 2
712 2
123 2
246 2
492 2
984 2
667 2
33 2
66 2
132 2
264 2
528 2
1056 2
811 2
321 2
642 2
1284 2
1267 2
1233 2
1165 2
1029 2
757 2
213 2
426 2
852 2
403 2
806 2
311 2
622 2
1244 2
1187 2
1073 2
845 2
389 2
778 2
255 2
510 2
1020 2
739 2
177 2
354 2
708 2
115 2
230 2
460 2
920 2
539 2
1078 2
855 2
409 2
818 2
335 2
670 2
39 2
78 2
156 2
312 2
624 2
1248 2
1195 2
1089 2
877 2
453 2
906 2
511 2
1022 2
743 2
185 2
370 2
740 2
179 2
358 2
716 2
131 2
262 2
524 2
1048 2
795 2
289 2
578 2
1156 2
1011 2
721 2
141 2
282 2
564 2
1128 2
955 2
609 2
1218 2
1135 2
969 2
637 2
1274 2
1247 2
1193 2
1085 2
869 2
437 2
874 2
447 2
894 2
487 2
974 2
647 2
1294 2
1287 2
1273 2
1245 2
1189 2
1077 2
853 2
405 2
810 2
319 2
638 2
1276 2
1251 2
1201 2
1101 2
901 2
501 2
1002 2
703 2
105 2
210 2
420 2
840 2
379 2
758 2
215 2
430 2
860 2
419 2
838 2
375 2
750 2
199 2
398 2
796 2
291 2
582 2
1164 2
1027 2
753 2
205 2
410 2
820 2
339 2
678 2
55 2
110 2
220 2
440 2
880 2
459 2
918 2
535 2
1070 2
839 2
377 2
754 2
207 2
414 2
828 2
355 2
710 2
119 2
238 2
476 2
952 2
603 2
1206 2
1111 2
921 2
541 2
1082 2
863 2
425 2
850 2
399 2
798 2
295 2
590 2
1180 2
1059 2
817 2
333 2
666 2
31 2
62 2
124 2
248 2
496 2
992 2
683 2
65 2
130 2
260 2
520 2
1040 2
779 2
257 2
514 2
1028 2
755 2
209 2
418 2
836 2
371 2
742 2
183 2
366 2
732 2
163 2
326 2
652 2
3 2
6 2
12 2
24 2
48 2
96 2
192 2
384 2
768 2
235 2
470 2
940 2
579 2
1158 2
1015 2
729 2
157 2
314 2
628 2
1256 2
1211 2
1121 2
941 2
581 2
1162 2
1023 2
745 2
189 2
378 2
756 2
211 2
422 2
844 2
387 2
774 2
247 2
494 2
988 2
675 2
49 2
98 2
196 2
392 2
784 2
267 2
534 2
1068 2
835 2
369 2
738 2
175 2
350 2
700 2
99 2
198 2
396 2
792 2
283 2
566 2
1132 2
963 2
625 2
1 325
2 2
4 2
8 2
16 2
32 2
64 2
128 2
256 2
512 2
1024 2
747 2
193 2
386 2
772 2
243 2
486 2
972 2
643 2
1286 2
1271 2
1241 2
1181 2
1061 2
821 2
341 2
682 2
63 2
126 2
252 2
504 2
1008 2
715 2
129 2
258 2
516 2
1032 2
763 2
225 2
450 2
900 2
499 2
998 2
695 2
89 2
178 2
356 2
712 2
123 2
246 2
492 2
984 2
667 2
33 2
66 2
132 2
264 2
528 2
1056 2
811 2
321 2
642 2
1284 2
1267 2
1233 2
1165 2
1029 2
757 2
213 2
426 2
852 2
403 2
806 2
311 2
622 2
1244 2
1187 2
1073 2
845 2
389 2
778 2
255 2
510 2
1020 2
739 2
177 2
354 2
708 2
115 2
230 2
460 2
920 2
539 2
1078 2
855 2
409 2
818 2
335 2
670 2
39 2
78 2
156 2
312 2
624 2
1248 2
1195 2
1089 2
877 2
453 2
906 2
511 2
1022 2
743 2
185 2
370 2
740 2
179 2
358 2
716 2
131 2
262 2
524 2
1048 2
795 2
289 2
578 2
1156 2
1011 2
721 2
141 2
282 2
564 2
1128 2
955 2
609 2
1218 2
1135 2
969 2
637 2
1274 2
1247 2
1193 2
1085 2
869 2
437 2
874 2
447 2
894 2
487 2
974 2
647 2
1294 2
1287 2
1273 2
1245 2
1189 2
1077 2
853 2
405 2
810 2
319 2
638 2
1276 2
1251 2
1201 2
1101 2
901 2
501 2
1002 2
703 2
105 2
210 2
420 2
840 2
379 2
758 2
215 2
430 2
860 2
419 2
838 2
375 2
750 2
199 2
398 2
796 2
291 2
582 2
1164 2
1027 2
753 2
205 2
410 2
820 2
339 2
678 2
55 2
110 2
220 2
440 2
880 2
459 2
918 2
535 2
1070 2
839 2
377 2
754 2
207 2
414 2
828 2
355 2
710 2
119 2
238 2
476 2
952 2
603 2
1206 2
1111 2
921 2
541 2
1082 2
863 2
425 2
850 2
399 2
798 2
295 2
590 2
1180 2
1059 2
817 2
333 2
666 2
31 2
62 2
124 2
248 2
496 2
992 2
683 2
65 2
130 2
260 2
520 2
1040 2
779 2
257 2
514 2
1028 2
755 2
209 2
418 2
836 2
371 2
742 2
183 2
366 2
732 2
163 2
326 2
652 2
3 2
6 2
12 2
24 2
48 2
96 2
192 2
384 2
768 2
235 2
470 2
940 2
579 2
1158 2
1015 2
729 2
157 2
314 2
628 2
1256 2
1211 2
1121 2
941 2
581 2
1162 2
1023 2
745 2
189 2
378 2
756 2
211 2
422 2
844 2
387 2
774 2
247 2
494 2
988 2
675 2
49 2
98 2
196 2
392 2
784 2
267 2
534 2
1068 2
835 2
369 2
738 2
175 2
350 2
700 2
99 2
198 2
396 2
792 2
283 2
566 2
1132 2
963 2
625 2
2 325
2 2
4 2
8 2
16 2
32 2
64 2
128 2
256 2
512 2
1024 2
747 2
193 2
386 2
772 2
243 2
486 2
972 2
643 2
1286 2
1271 2
1241 2
1181 2
1061 2
821 2
341 2
682 2
63 2
126 2
252 2
504 2
1008 2
715 2
129 2
258 2
516 2
1032 2
763 2
225 2
450 2
900 2
499 2
998 2
695 2
89 2
178 2
356 2
712 2
123 2
246 2
492 2
984 2
667 2
33 2
66 2
132 2
264 2
528 2
1056 2
811 2
321 2
642 2
1284 2
1267 2
1233 2
1165 2
1029 2
757 2
213 2
426 2
852 2
403 2
806 2
311 2
622 2
1244 2
1187 2
1073 2
845 2
389 2
778 2
255 2
510 2
1020 2
739 2
177 2
354 2
708 2
115 2
230 2
460 2
920 2
539 2
1078 2
855 2
409 2
818 2
335 2
670 2
39 2
78 2
156 2
312 2
624 2
1248 2
1195 2
1089 2
877 2
453 2
906 2
511 2
1022 2
743 2
185 2
370 2
740 2
179 2
358 2
716 2
131 2
262 2
524 2
1048 2
795 2
289 2
578 2
1156 2
1011 2
721 2
141 2
282 2
564 2
1128 2
955 2
609 2
1218 2
1135 2
969 2
637 2
1274 2
1247 2
1193 2
1085 2
869 2
437 2
874 2
447 2
894 2
487 2
974 2
647 2
1294 2
1287 2
1273 2
1245 2
1189 2
1077 2
853 2
405 2
810 2
319 2
638 2
1276 2
1251 2
1201 2
1101 2
901 2
501 2
1002 2
703 2
105 2
210 2
420 2
840 2
379 2
758 2
215 2
430 2
860 2
419 2
838 2
375 2
750 2
199 2
398 2
796 2
291 2
582 2
1164 2
1027 2
753 2
205 2
410 2
820 2
339 2
678 2
55 2
110 2
220 2
440 2
880 2
459 2
918 2
535 2
1070 2
839 2
377 2
754 2
207 2
414 2
828 2
355 2
710 2
119 2
238 2
476 2
952 2
603 2
1206 2
1111 2
921 2
541 2
1082 2
863 2
425 2
850 2
399 2
798 2
295 2
590 2
1180 2
1059 2
817 2
333 2
666 2
31 2
62 2
124 2
248 2
496 2
992 2
683 2
65 2
130 2
260 2
520 2
1040 2
779 2
257 2
514 2
1028 2
755 2
209 2
418 2
836 2
371 2
742 2
183 2
366 2
732 2
163 2
326 2
652 2
3 2
6 2
12 2
24 2
48 2
96 2
192 2
384 2
768 2
235 2
470 2
940 2
579 2
1158 2
1015 2
729 2
157 2
314 2
628 2
1256 2
1211 2
1121 2
941 2
581 2
1162 2
1023 2
745 2
189 2
378 2
756 2
211 2
422 2
844 2
387 2
774 2
247 2
494 2
988 2
675 2
49 2
98 2
196 2
392 2
784 2
267 2
534 2
1068 2
835 2
369 2
738 2
175 2
350 2
700 2
99 2
198 2
396 2
792 2
283 2
566 2
1132 2
963 2
625 2
1250 2
1199 2
1097 2
893 2
485 2
970 2
639 2
1278 2
1255 2
1209 2
1117 2
933 2
565 2
1130 2
959 2
617 2
1234 2
1167 2
1033 2
765 2
229 2
458 2
916 2
531 2
1062 2
823 2
345 2
690 2
79 2
158 2
316 2
632 2
1264 2
1227 2
1153 2
1005 2
709 2
117 2
234 2
468 2
936 2
571 2
1142 2
983 2
665 2
29 2
58 2
116 2
232 2
464 2
928 2
555 2
1110 2
919 2
537 2
1074 2
847 2
393 2
786 2
271 2
542 2
1084 2
867 2
433 2
866 2
431 2
862 2
423 2
846 2
391 2
782 2
263 2
526 2
1052 2
803 2
305 2
610 2
1220 2
1139 2
977 2
653 2
5 2
10 2
20 2
40 2
80 2
160 2
320 2
640 2
1280 2
1259 2
1217 2
1133 2
965 2
629 2
1258 2
1215 2
1129 2
957 2
613 2
1226 2
1151 2
1001 2
701 2
101 2
202 2
404 2
808 2
315 2
630 2
1260 2
1219 2
1137 2
973 2
645 2
1290 2
1279 2
1257 2
1213 2
1125 2
949 2
597 2
1194 2
1087 2
873 2
445 2
890 2
479 2
958 2
615 2
1230 2
1159 2
1017 2
733 2
165 2
330 2
660 2
19 2
38 2
76 2
152 2
304 2
608 2
1216 2
1131 2
961 2
621 2
1242 2
1183 2
1065 2
829 2
357 2
714 2
127 2
254 2
508 2
1016 2
731 2
161 2
322 2
644 2
1288 2
1275 2
1249 2
1197 2
1093 2
885 2
469 2
938 2
575 2
1150 2
999 2
697 2
93 2
186 2
372 2
744 2
187 2
374 2
748 2
195 2
390 2
780 2
259 2
518 2
1036 2
771 2
241 2
482 2
964 2
627 2
1254 2
1207 2
1113 2
925 2
549 2
1098 2
895 2
489 2
978 2
655 2
9 2
18 2
36 2
72 2
144 2
288 2
576 2
1152 2
1003 2
705 2
109 2
218 2
436 2
872 2
443 2
886 2
471 2
942 2
583 2
1166 2
1031 2
761 2
221 2
442 2
884 2
467 2
934 2
567 2
1134 2
967 2
633 2
1266 2
1231 2
1161 2
1021 2
741 2
181 2
362 2
724 2
147 2
294 2
588 2
1176 2
1051 2
801 2
301 2
602 2
1204 2
1107 2
913 2
525 2
1050 2
799 2
297 2
594 2
1188 2
1075 2
849 2
397 2
794 2
287 2
574 2
1148 2
995 2
689 2
77 2
154 2
308 2
616 2
1232 2
1163 2
1025 2
749 2
197 2
394 2
788 2
275 2
550 2
1100 2
899 2
497 2
994 2
687 2
73 2
146 2
292 2
584 2
1168 2
1035 2
769 2
237 2
474 2
948 2
595 2
1190 2
1079 2
857 2
413 2
826 2
351 2
702 2
103 2
206 2
412 2
824 2
347 2
694 2
87 2
174 2
348 2
696 2
91 2
182 2
364 2
728 2
155 2
310 2
620 2
1240 2
1179 2
1057 2
813 2
325 2
650 2
3 3
9 3
27 3
81 3
243 3
729 3
886 3
56 3
168 3
504 3
211 3
633 3
598 3
493 3
178 3
534 3
301 3
903 3
107 3
321 3
963 3
287 3
861 3
1282 3
1244 3
1130 3
788 3
1063 3
587 3
460 3
79 3
237 3
711 3
832 3
1195 3
983 3
347 3
1041 3
521 3
262 3
786 3
1057 3
569 3
406 3
1218 3
1052 3
554 3
361 3
1083 3
647 3
640 3
619 3
556 3
367 3
1101 3
701 3
802 3
1105 3
713 3
838 3
1213 3
1037 3
509 3
226 3
678 3
733 3
898 3
92 3
276 3
828 3
1183 3
947 3
239 3
717 3
850 3
1249 3
1145 3
833 3
1198 3
992 3
374 3
1122 3
764 3
991 3
371 3
1113 3
737 3
910 3
128 3
384 3
1152 3
854 3
1261 3
1181 3
941 3
221 3
663 3
688 3
763 3
988 3
362 3
1086 3
656 3
667 3
700 3
799 3
1096 3
686 3
757 3
970 3
308 3
924 3
170 3
510 3
229 3
687 3
760 3
979 3
335 3
1005 3
413 3
1239 3
1115 3
743 3
928 3
182 3
546 3
337 3
1011 3
431 3
1293 3
1277 3
1229 3
1085 3
653 3
658 3
673 3
718 3
853 3
1258 3
1172 3
914 3
140 3
420 3
1260 3
1178 3
932 3
194 3
582 3
445 3
34 3
102 3
306 3
918 3
152 3
456 3
67 3
201 3
603 3
508 3
223 3
669 3
706 3
817 3
1150 3
848 3
1243 3
1127 3
779 3
1036 3
506 3
217 3
651 3
652 3
655 3
664 3
691 3
772 3
1015 3
443 3
28 3
84 3
252 3
756 3
967 3
299 3
897 3
89 3
267 3
801 3
1102 3
704 3
811 3
1132 3
794 3
1081 3
641 3
622 3
565 3
394 3
1182 3
944 3
230 3
690 3
769 3
1006 3
416 3
1248 3
1142 3
824 3
1171 3
911 3
131 3
393 3
1179 3
935 3
203 3
609 3
526 3
277 3
831 3
1192 3
974 3
320 3
960 3
278 3
834 3
1201 3
1001 3
401 3
1203 3
1007 3
419 3
1257 3
1169 3
905 3
113 3
339 3
1017 3
449 3
46 3
138 3
414 3
1242 3
1124 3
770 3
1009 3
425 3
1275 3
1223 3
1067 3
599 3
496 3
187 3
561 3
382 3
1146 3
836 3
1207 3
1019 3
455 3
64 3
192 3
576 3
427 3
1281 3
1241 3
1121 3
761 3
982 3
344 3
1032 3
494 3
181 3
543 3
328 3
984 3
350 3
1050 3
548 3
343 3
1029 3
485 3
154 3
462 3
85 3
255 3
765 3
994 3
380 3
1140 3
818 3
1153 3
857 3
1270 3
1208 3
1022 3
464 3
91 3
273 3
819 3
1156 3
866 3
1297 3
1289 3
1265 3
1193 3
977 3
329 3
987 3
359 3
1077 3
629 3
586 3
457 3
70 3
210 3
630 3
589 3
466 3
97 3
291 3
873 3
17 3
1 325
3 3
9 3
27 3
81 3
243 3
729 3
886 3
56 3
168 3
504 3
211 3
633 3
598 3
493 3
178 3
534 3
301 3
903 3
107 3
321 3
963 3
287 3
861 3
1282 3
1244 3
1130 3
788 3
1063 3
587 3
460 3
79 3
237 3
711 3
832 3
1195 3
983 3
347 3
1041 3
521 3
262 3
786 3
1057 3
569 3
406 3
1218 3
1052 3
554 3
361 3
1083 3
647 3
640 3
619 3
556 3
367 3
1101 3
701 3
802 3
1105 3
713 3
838 3
1213 3
1037 3
509 3
226 3
678 3
733 3
898 3
92 3
276 3
828 3
1183 3
947 3
239 3
717 3
850 3
1249 3
1145 3
833 3
1198 3
992 3
374 3
1122 3
764 3
991 3
371 3
1113 3
737 3
910 3
128 3
384 3
1152 3
854 3
1261 3
1181 3
941 3
221 3
663 3
688 3
763 3
988 3
362 3
1086 3
656 3
667 3
700 3
799 3
1096 3
686 3
757 3
970 3
308 3
924 3
170 3
510 3
229 3
687 3
760 3
979 3
335 3
1005 3
413 3
1239 3
1115 3
743 3
928 3
182 3
546 3
337 3
1011 3
431 3
1293 3
1277 3
1229 3
1085 3
653 3
658 3
673 3
718 3
853 3
1258 3
1172 3
914 3
140 3
420 3
1260 3
1178 3
932 3
194 3
582 3
445 3
34 3
102 3
306 3
918 3
152 3
456 3
67 3
201 3
603 3
508 3
223 3
669 3
706 3
817 3
1150 3
848 3
1243 3
1127 3
779 3
1036 3
506 3
217 3
651 3
652 3
655 3
664 3
691 3
772 3
1015 3
443 3
28 3
84 3
252 3
756 3
967 3
299 3
897 3
89 3
267 3
801 3
1102 3
704 3
811 3
1132 3
794 3
1081 3
641 3
622 3
565 3
394 3
1182 3
944 3
230 3
690 3
769 3
1006 3
416 3
1248 3
1142 3
824 3
1171 3
911 3
131 3
393 3
1179 3
935 3
203 3
609 3
526 3
277 3
831 3
1192 3
974 3
320 3
960 3
278 3
834 3
1201 3
1001 3
401 3
1203 3
1007 3
419 3
1257 3
1169 3
905 3
113 3
339 3
1017 3
449 3
46 3
138 3
414 3
1242 3
1124 3
770 3
1009 3
425 3
1275 3
1223 3
1067 3
599 3
496 3
187 3
561 3
382 3
1146 3
836 3
1207 3
1019 3
455 3
64 3
192 3
576 3
427 3
1281 3
1241 3
1121 3
761 3
982 3
344 3
1032 3
494 3
181 3
543 3
328 3
984 3
350 3
1050 3
548 3
343 3
1029 3
485 3
154 3
462 3
85 3
255 3
765 3
994 3
380 3
1140 3
818 3
1153 3
857 3
1270 3
1208 3
1022 3
464 3
91 3
273 3
819 3
1156 3
866 3
1297 3
1289 3
1265 3
1193 3
977 3
329 3
987 3
359 3
1077 3
629 3
586 3
457 3
70 3
210 3
630 3
589 3
466 3
97 3
291 3
873 3
17 3
2 325
3 3
9 3
27 3
81 3
243 3
729 3
886 3
56 3
168 3
504 3
211 3
633 3
598 3
493 3
178 3
534 3
301 3
903 3
107 3
321 3
963 3
287 3
861 3
1282 3
1244 3
1130 3
788 3
1063 3
587 3
460 3
79 3
237 3
711 3
832 3
1195 3
983 3
347 3
1041 3
521 3
262 3
786 3
1057 3
569 3
406 3
1218 3
1052 3
554 3
361 3
1083 3
647 3
640 3
619 3
556 3
367 3
1101 3
701 3
802 3
1105 3
713 3
838 3
1213 3
1037 3
509 3
226 3
678 3
733 3
898 3
92 3
276 3
828 3
1183 3
947 3
239 3
717 3
850 3
1249 3
1145 3
833 3
1198 3
992 3
374 3
1122 3
764 3
991 3
371 3
1113 3
737 3
910 3
128 3
384 3
1152 3
854 3
1261 3
1181 3
941 3
221 3
663 3
688 3
763 3
988 3
362 3
1086 3
656 3
667 3
700 3
799 3
1096 3
686 3
757 3
970 3
308 3
924 3
170 3
510 3
229 3
687 3
760 3
979 3
335 3
1005 3
413 3
1239 3
1115 3
743 3
928 3
182 3
546 3
337 3
1011 3
431 3
1293 3
1277 3
1229 3
1085 3
653 3
658 3
673 3
718 3
853 3
1258 3
1172 3
914 3
140 3
420 3
1260 3
1178 3
932 3
194 3
582 3
445 3
34 3
102 3
306 3
918 3
152 3
456 3
67 3
201 3
603 3
508 3
223 3
669 3
706 3
817 3
1150 3
848 3
1243 3
1127 3
779 3
1036 3
506 3
217 3
651 3
652 3
655 3
664 3
691 3
772 3
1015 3
443 3
28 3
84 3
252 3
756 3
967 3
299 3
897 3
89 3
267 3
801 3
1102 3
704 3
811 3
1132 3
794 3
1081 3
641 3
622 3
565 3
394 3
1182 3
944 3
230 3
690 3
769 3
1006 3
416 3
1248 3
1142 3
824 3
1171 3
911 3
131 3
393 3
1179 3
935 3
203 3
609 3
526 3
277 3
831 3
1192 3
974 3
320 3
960 3
278 3
834 3
1201 3
1001 3
401 3
1203 3
1007 3
419 3
1257 3
1169 3
905 3
113 3
339 3
1017 3
449 3
46 3
138 3
414 3
1242 3
1124 3
770 3
1009 3
425 3
1275 3
1223 3
1067 3
599 3
496 3
187 3
561 3
382 3
1146 3
836 3
1207 3
1019 3
455 3
64 3
192 3
576 3
427 3
1281 3
1241 3
1121 3
761 3
982 3
344 3
1032 3
494 3
181 3
543 3
328 3
984 3
350 3
1050 3
548 3
343 3
1029 3
485 3
154 3
462 3
85 3
255 3
765 3
994 3
380 3
1140 3
818 3
1153 3
857 3
1270 3
1208 3
1022 3
464 3
91 3
273 3
819 3
1156 3
866 3
1297 3
1289 3
1265 3
1193 3
977 3
329 3
987 3
359 3
1077 3
629 3
586 3
457 3
70 3
210 3
630 3
589 3
466 3
97 3
291 3
873 3
17 3
51 3
153 3
459 3
76 3
228 3
684 3
751 3
952 3
254 3
762 3
985 3
353 3
1059 3
575 3
424 3
1272 3
1214 3
1040 3
518 3
253 3
759 3
976 3
326 3
978 3
332 3
996 3
386 3
1158 3
872 3
14 3
42 3
126 3
378 3
1134 3
800 3
1099 3
695 3
784 3
1051 3
551 3
352 3
1056 3
566 3
397 3
1191 3
971 3
311 3
933 3
197 3
591 3
472 3
115 3
345 3
1035 3
503 3
208 3
624 3
571 3
412 3
1236 3
1106 3
716 3
847 3
1240 3
1118 3
752 3
955 3
263 3
789 3
1066 3
596 3
487 3
160 3
480 3
139 3
417 3
1251 3
1151 3
851 3
1252 3
1154 3
860 3
1279 3
1235 3
1103 3
707 3
820 3
1159 3
875 3
23 3
69 3
207 3
621 3
562 3
385 3
1155 3
863 3
1288 3
1262 3
1184 3
950 3
248 3
744 3
931 3
191 3
573 3
418 3
1254 3
1160 3
878 3
32 3
96 3
288 3
864 3
1291 3
1271 3
1211 3
1031 3
491 3
172 3
516 3
247 3
741 3
922 3
164 3
492 3
175 3
525 3
274 3
822 3
1165 3
893 3
77 3
231 3
693 3
778 3
1033 3
497 3
190 3
570 3
409 3
1227 3
1079 3
635 3
604 3
511 3
232 3
696 3
787 3
1060 3
578 3
433 3
1299 3
1295 3
1283 3
1247 3
1139 3
815 3
1144 3
830 3
1189 3
965 3
293 3
879 3
35 3
105 3
315 3
945 3
233 3
699 3
796 3
1087 3
659 3
676 3
727 3
880 3
38 3
114 3
342 3
1026 3
476 3
127 3
381 3
1143 3
827 3
1180 3
938 3
212 3
636 3
607 3
520 3
259 3
777 3
1030 3
488 3
163 3
489 3
166 3
498 3
193 3
579 3
436 3
7 3
21 3
63 3
189 3
567 3
400 3
1200 3
998 3
392 3
1176 3
926 3
176 3
528 3
283 3
849 3
1246 3
1136 3
806 3
1117 3
749 3
946 3
236 3
708 3
823 3
1168 3
902 3
104 3
312 3
936 3
206 3
618 3
553 3
358 3
1074 3
620 3
559 3
376 3
1128 3
782 3
1045 3
533 3
298 3
894 3
80 3
240 3
720 3
859 3
1276 3
1226 3
1076 3
626 3
577 3
430 3
1290 3
1268 3
1202 3
1004 3
410 3
1230 3
1088 3
662 3
685 3
754 3
961 3
281 3
843 3
1228 3
1082 3
644 3
631 3
592 3
475 3
124 3
372 3
1116 3
746 3
937 3
209 3
627 3
580 3
439 3
16 3
48 3
144 3
432 3
1296 3
1286 3
1256 3
1166 3
896 3
86 3
258 3
774 3
1021 3
461 3
82 3
246 3
738 3
913 3
137 3
411 3
1233 3
1097 3
689 3
766 3
997 3
389 3
1167 3
899 3
95 3
285 3
855 3
1264 3
1190 3
968 3
302 3
906 3
116 3
348 3
1044 3
530 3
289 3
867 3
